$ANSIBLE_VAULT;1.1;AES256
61363565666633316263363834383463616236393631376362623937366262336634373064373036
3737663332306235653830373232356332323035386465640a636339653035623162393462373065
38356533363639366334366138656334656639623164323335356364633430393837363131343065
6430653938613036610a393264303064643832396334323834616164386362333532626531623430
31626635313064336236316231393732653634653632643032326535363533636239356361623766
64336264376264666265626264396532356336336263303165343132373362303734313666643237
34373761366633323736333033343739396431343132666335663162303966613338346137326434
38393761636639326238323931383037613461636539646437643232386333396436616565373236
36626163363165633833393234653764353332393839663632323966353861306638653362663537
66623231306231346461653137353638613832366364343763626165656636316638643732343061
61313864353639636131653263373364386433343133653530636237386165393333356638323463
32633731666634333439636366373234656130323164626230353962626336306333663866626434
64636264636363323433326532343166323039613637656635663137326538383530396464303733
34616331373431333832363033363634613537656438396361353638326137633136386234316334
30626164663862336239333839313434333563393032306533646131303632653839313132393761
32653339303665313032613866636135303136613739323734656661313433646433643932656536
39386438653835396537653361316562623036336536326236316166623236333336323836666264
62306433393835316264646166666232346333323036373132633733643165313264393038366639
36663330343231646133346537333432323836383465383866666431353564333339666666393332
38623164313163653532343063346133393136656433613630613339346663303630623365643036
31613032333461346131626232323939623537383538663336333163613363623564663964656634
32396430333336636465336462376161633634306133366235396365616430386163366436616335
31633339656633646336363962363038303637383239643434366634326663343832366232663037
39663738343635643661343261623066336637393339356165306664326237393163366566303835
33613962653238303638316331623438353563316631333365303666613363323630613565393236
32373139336361346263373064633834643965666430656563303637313365313239373333353962
36363362313036633438343233643061353030663637613961343737636130653235343636353032
31356238383562396133353837306138333633393334393037333163363831636639643738306237
61626431633938666536363037613938343865343265396462646636616132666564376537643438
62333233393437386238646666303064363663353034366532306333313461366662343232643534
30323533306161383535356431616630333039366662303435326131623437613935306532303166
34313066376431303431316433643330623936323066646431636165616662643166373437653638
61636262343862623035663730353762303466333730316135306230663135383765353566633861
38376335303338656538396461316265306161623536323531346439623131626163643235383763
63343338633132666664653037626537613238666132656265346462326437366665643634643966
64393335303030313537326232643234343665633663386661666435326633626265623639306135
39326634326166626339373737643238313335646665613164303732363037333834323565333634
61356635343633386133363839613634643330666131313130373734393461323134643835626437
36623066633863663961306137613261336634386638636630363337343134326661646461386661
62623131373162653130393166306136373035383833353862386535313964303663643938613437
37653439373666303437373034363037376561633962376430306432363763666261396535353531
34656636343363633430366139613462376634623463333830396464386663616432643466303137
66313334303061323264393364613334306630313266326433666364646339306335376334663865
32643061356431303762353166636130386434313665393835303931303963623634643865656633
37303535633330616130313437333764633265613463383237336664313533366634626666373164
61383237623932636464306433373537623334393161343530376563393034323466386539636238
34376464333866383964313231376337643234323632343861353034353833313162316131323832
36333935373339303731343164653738323165623434653637313361366632643064656233383134
63383463383335613866643964333636363032616466613432393231343438656136336233333437
61326130313866613566356163633431653961323561376533303463323030653934633930313034
38633166633239363334316332323434653735386533343066653735303339663130303362303765
34646162346432356665636532356532636365653461666334633364353163373437316563326338
63353034323565623536323832646663396636383633303365653736623965396664363364306132
65386162386133663835663937383134323561613338336166316164316136323738383431366637
66326162396534343165343837613234323732643962353932343363643963656139373463363932
65396330303834343136303230353464363061383431383537386136356663623933663838376535
66336362343738313130633531666566643737373936366435656564363737306239663363653237
38343335323666646664323930633138616566383766373230393965373938633331643563396438
64656465316536323530653661643735393832616262303861393264373464376561313162653734
31356238623564613133663936616666383333613436663631636233386363333665353932323238
65623166333638323832643237623133646132306661356338666537353439663337636335386434
61626462313961346537663861383838343763636139323231343263393937343963366336633431
63366233326236646230363039393562376436656334623230306162346334313161666135616263
38626563396537643266386531643438356333333235373032623231666138653036643837303666
65326334623630363830386134623030393764393331643131333439666333646130633835633461
36636364633632333164353134376330623764323438316630376537343637373135643932313035
63363435663831303961336366393630613936376466663730383233376538616235336131376462
37653630653532373234646437323066626438363739656336623162306231646634363633353339
62616636356333343438313537633937303261626664393664313230626661303436626638643663
38616635336464303263336266623562643338313834633938666634326565393765386532393264
66393330313163386639386431323031376464373064386632663964386665356636663532383231
34303332313737353763306434633565646338646134623334326138343333373266633835643236
34363438643434386135363034636163636161633763653032613532386465653138323664623063
63383062366237393433613333366333373862643966613165393332356361323136373434306664
38636635353832326131333535656264373764363337633839333737396333373362633363373334
34643766383962326662353033343466363166666662373234656562633130333930316166316265
64343036616135353633356335653661636135343462306432646632653034663633373130376531
66383331396665633266333837613635346334383066633532383333326363306564366663336665
32343666653839306131353536326639383737666636316239323433303266313662626165373762
65643238323033633831386135343466643738386463643663316636333838323561396231306138
32626235643764383035333232373361313233313664366365393135643738666330323330323039
38316364303364303165326430333530313361643637613136323336373635356665396464626461
31626134376335393262343637316464386335373933366639343061636363303431336261333532
33306132633337386262346266383339643266636435383063333439613462343439613432633732
33633337376464303461626638376431373336353563313066353535656665343538373137353631
36383965303061646430656634653862386261646564336634316133633464333231383833346531
30333937373539346561376136383035613336396336663037333136313165623664333539383336
65353431393462376330
