$ANSIBLE_VAULT;1.1;AES256
35643765313562393565633363366166636464303432663230336639623235323961616536316232
3738623262343933623766396630346631306631326464380a323433313939643034353263313965
63333130303164636661363164326338393465623937376337316464636664383636633963396333
3737353337633162610a333166313830663735376463393533626664666666616233343539313032
39636532363237616237663561656430633131616162646130633662633038343531316466316136
39373966303930336138366238373262333737316130646535626331616461383730656231393265
30363534623930656130383636373365376634666434633538303332396363323139376534356330
31356230373730613761376632646530396562353033303462316265356666303765383565663139
31386438353230366463663663663062333332666464633339316664396634336564643130656135
64363833656639343761613633356665636666643362353066396433613936626333656561386239
36383239333237373635646661356638373631363864653463343366353065353235616437633761
34323836326233306165343433616164656232633031666239303563363362386161343565663231
63393834346230643335653066613734653936356466633234336232626639353631316564623130
30613961666630326531346235363138613631393733646362376264323639656465336139653534
62666133386137656534633564306637653566653333316630356631663364316261393265653630
33393366386536353266363432343331663834313565393837323065313435343939303665333239
38633363336231353266353132303739666136643139636338336638373762623266666564373664
66363333666537353861626665346233643434323164313939346166646539353362663365636366
63373036663533613131366365613865383866336130663936346137613836343733316166383062
62663830363236363764626134343163366133643432663363663430356138626134656462363264
32633735316565313066383135653432363732616130393761393638393833313236666234353730
34303933313932653364303365653337366366323939323138663737386462623338386662343335
33383932306233313339313436376662613461666331346638326665663830643336366435326635
38613939343264316236343962383837396565333261616466373863623638616266373332333631
63616239636534616665366334333034623135646332333533626238313334326161393632336264
37643661376337616230303230363062646537306230316631613065633864643264316330643139
32666432363665633062386665343738336532326633623238663836316362643862646538366165
39373534653538386162626539386565353038376635646233353439316233356662346466376263
36386534633430643330336334633437396663366535383435386337343762633534666665623133
36363737336664663139633533653462653038613337313635333364653538643134613363306465
31396563623435393836343764363662653366373834316534343537323262373838343863376638
33353934663638366135313739373735383331643838633161623666653764646263663630643161
62663936323938386562356330393837323332656164353937376534326365343361396561356162
33373832333361663930656334393738373864373135653037633739363162646263376163343965
32636233636531393064616231623761333866333534303238626565373463306333366330333335
63636239316161653434333166383663306432323231396132383334646138353065663766373037
33643139613961396234663965613831653465616633343236623362626265353438313338633138
66646334613638663565373438613131653564346136303361393264393837363034656661303563
64346630366665653662636630386139316436653465613366303737303366636265323463616362
35346332653062313334323734633264343463363738316164313534626636633132646634383761
66656233653061323065386531366361313634643137366265363961366439346565333764393733
63613238353961333838383163353361323539386365376166313838373337376133336264376232
66343238643930353835623230643531346532313133313865626238613663353334613764323830
36616535623734353332616531623462343233646634386166353836313232343562666131333931
30656663663063633339353137626636666362633231376538653032653764613738636431356637
32373666386434306636373431383462613539356262636536393666643538636361313631366330
64366463346461353563306538656161336335373565326663343732633336386664366566643864
33333762613931346539393661666338313935643939623534386261303337646433376637623439
66666537353035613132303439656162613330633631303539303436616162666430336132623937
39363864636539626136366136303633343831323935363862666138663338653030656462373965
61326234306131303532316230363732373131343539316434613139353864306536616638343639
37316130636661356535356534633833373862376261626264353939613764373765356331323036
36623130383233663335303439376634383664343763303066663535323836393430633237306463
66616335336365356663313965333331643639383463353332353562386461663935356630336633
64366362616163333138666164333534376133653962393464333637373137653465373439663036
37646561393638646139663636303535353734393333383361353333663330343538316439343337
65643763653363363232363034653839343437383235363565373961663864626665393737613932
66363763666533353664663665396362616332346465313034356635323637643763613233353766
38313763666165363536343233396438386639383364396632613730633364616364656132633761
39633736333433333835363565666433636163393431623137346137653764643337303161386662
65373064636331666132316430323537346231636464663365303363656239613831303239376538
64323333396364343064636163376630363634383432626439323538353239353237656635663936
35383935393537636336303063323934366366353738396237303032333266326562663333656236
39383166313263656237303136393933333438333064306533653432626636323636636662643833
36396233643462323235333764326631373166653633653033356362383366633663616336353864
37363835326637316165323965386564373464333330666565343630636662643535643334343539
37346462333235633736666136393939636430356461313565393434616333343631316332633332
65363338613765306433613661393532353361373664333661633337336334333565346231366237
62616333376566663033396431383363653037313638646262663062356466643361313938346635
61656361326133383866646163613364386231373263326239613165303362313634373831353133
61663265363836386433653262613366396132653162353035663364636631393038636130663035
62656234333164646663356538366561663133663032656538613466663864626434316530663561
61303530613833343733366335646538303533393631353230653135656634386263313233323964
65316336653930346530336665326463303564623163623565663934386262396534663863393439
32326137353337393932376662373833373331646434326337373363316536643539343061326130
62373437613739343339376462373536343739636637616433303534303664316534633163356339
31323438656530356438333434323939346334376530373131356332343539356534363437663566
32376634336161366565363064633339353331353539376239653734666631663431623165636236
38393563363036376538306565636535303262386636313739383663383230383166643635373337
33326662306634346339643261653634323061363734306130323330613030346562393938306331
34613335613064646234333661613763343430636234393561313265663866393166363032653535
31656136643030383464336562303637383461396539663261373131613734633534373363653130
64666535653030313833653535613531666639633736643738303838303237383764383632643933
35633463616637386637643539653035383039323564653435623931373632623563336433313135
39303834646664626333376430323263386133393965386261343338366636316235343935653634
34663436326332306337666236613062666466386431663964366336623537323332666433346564
30613665643830643631626465346632376232386261656366623236323033373130343736656533
36356232653437633564
