$ANSIBLE_VAULT;1.1;AES256
37323837316366393836653061333861323964626332323962633837636134313437363632613662
6536323233333030393938373630383339336664363838610a626539626634333236656262383333
32396434616136356464353233303833373565616464623965613266646236663036373137373730
3132643839373935380a633031333831323061306331623436343438653738626464373139346134
66626630633962653066303065653164653138323039303032636563626331333961303963633632
61326330316565313038343438636636326538653565633661646431383238643161643236393135
61363236323337366464363633643265616538343566386134366439636638376335613737386130
31376138343166303136383831626636336232616632613232636666303439653161393566333635
39393366613762666136363961353339656162353130393936663564623636383565663262373466
35333232323966303538353266633039336338636332313836373638396532663630356331666362
34313934666332316636313231366366323261323630346537316166353063623931326433373338
38626164656135633564613332306461323735636639613732633632623665393065323636313236
32343832376535343233633331623934346664396530346164313062383434393766653235613863
34383337613966633761376362613231333066656536313065336637396231386661306139356331
39396532616431643964663637393330316239303439643164356438356638356564653264356137
63373639323065373366616463393734616631636162313566343332383964303064383262643838
36333833383033643262666137386139373963616233333462663961393633356531333331653830
32343634626332323831393735393830313932623864666166646236353937616233306666393236
35646232613733356330663963316365633361343037653264666335613935616162386439303862
38643764643066313763626532323765666136633366303735393436396164623436303735356338
35663034333865633363363136393934346639306234336637373765653234626636666139313461
35663032316533623762303031613238656661326339336137383039623263663066633330303933
66343339386537373435356564316663386363623934633736393931303030383334376331613735
64363966356165616234366363663366616262613465616362323139663434633037383534323532
36656632333061393138386633356638663934366666303635643537653536343031313639383437
61356437613164313237646466623736353139323964353935386438353735376362303464623065
38396534643134373837663464643036333464346366623362373433663664656465396262343162
36356165626233653833336434663039326431353130646633376237306665666264373561656532
39336439656237633966623662333566356233326139633163343766336365626439346562626465
34313230383335383364366338393166613666653933346332333434623230343032383763613863
34326435373462323766373938353934303331356533323133373534376264303838643635373064
61656230323563633139353530373962343432623932326561376464643836376365303433346265
30373563353362643831386532393261336365336231323936363437353639396336333966356436
33366462356235363039333636343863663737663266346339653137323539303938653064373834
31393232666664376230356231646666633230646665306535303231653636623361306235316531
32376438663561323634343065313233333266343866346535646235373035666164303930623161
37353434356635636532393430396561393463353236643234376535303638333964633930316239
62666464346532396236393833303664653935386365343764633762333165306561396333313765
34323434396237613964336264373235316537323932666534313833333563653334626332636464
33623630643038613534343135323865343761316563616234393166343830623134613165363266
37333663316334663336363863316131313435393963646561623537353536386333613936633030
63643234326132323137323863396437633837353864323866656631353366346630353239306134
32326236393539653634623834656538366536656130343231366139343735636462613133643532
35333035663534326538393565376434666332306534363535366133376333373731613830336539
30363364363830306133366464346531333037386363613936333065636138336539353137666164
37336462663036303365393466626230633933323561376533393763376464373238616562373539
33663661313639373937363234646335666435656461653330376631366137373464376230643430
63633038373438383065353036613038343237363033373737666562653763396237653339363537
35333433353639386430306430383432663236396332366431643130373066653232356265336438
38633334396639323034323838386264383030303339356661323831303561376133646463633034
38326534626330326634636536626136613236633463396638306134343962663137393338396233
38646566613864396336643466643462656138393838613031613930626664376164653534626439
34336364396131333966663438653561656434663231333966363162396535313465356166663361
32623439656132613662366237323733336363363136366131303633386366656636656137373132
36326338633038663032656362636333663532613663623636633933643630313262343933386532
31643934386661633061643064353939333562363036656330653438633035326563613032373536
63366139356130316565373938333266373438313330386535306366393964323762363537616335
31303333383530666633303264323537643532646232613064363266666130383164333930373064
38343831656635333964343939636561366139383364653436376631306236656331376365313634
36383863623564393238373133343065306163373739363162363863336565656162646337666662
36373466303661613639393535323931343663643534346436356536636139313161346362313537
35373566393536613265386131316437353632366538376431663435656334313666323733323164
66376132363835653566303331313336653538356630363637623565393833623066366131343666
66626335333632366633666666366132336135663766346238336332663938356236333630366535
33313333383730623137306331376163356364623731373632303166303865366365323561353637
63633062363562343236636434613266346632626230376136363836343936316664336634356433
33663539636533613263386231303564393239316265303133326633666164623565316362633130
37396538396533333431656164373132383932643739376435313535666237346365346631383561
64323662363961396362303565366437326432306530616536376435353363373635623731626664
62393434363164626430633930323131343861643030366562623963383739393137333261383662
38396533343265333735346466303338373861313437396666303432393437623735336438333032
32366338646431313562323739393661313538393337316336393466306234636638393562666266
32633131623963626239353461616339633638383665643366383138393061306561613565356161
61316131356264326237323838376565653337666137343862633461313931643133653137643034
32623766353566333530666163363337346263656663303231303665653637316162616135313736
65383431383965363530353534643131316233313534353635643363393363626566323534366335
32323832656633306436643432303330653033616133386531363765323036613131353463343631
37613961663631376536623932306635623933346132623230326662316335616662356131326436
38653861613133616535663736623863363163326539343738636665356563333366396536663238
39353234363635356432393263656134323766316235343132616566636662653835646231306135
65386431373266613237306130336239326166656132383562666365303439323431343132626164
31623466346639313032666464613335393161373334373738393635626635386336323530656262
32643364316237666339336333313230386331663231343331383236333737393233633031633339
64386539313633366434393437346564366536383262333031656130373635643366623638663237
35636337333065303030303235363935333635303263346230653937303535646338653861373132
39303135346137303762613636656361623634376331316530306539616331653162396137363364
64343530643165613136643537346236363264303032666534313062386538623734333766653761
32396531646362303539
