$ANSIBLE_VAULT;1.1;AES256
62643161663131303931393361373964353731323233653936373864376166363338323165373733
3764386331616539383732613035313863653433323532370a323366616361323630313866346537
61343164663130353062393231303665613933356130383364326437383731636632643837346533
6266626239623961620a626537633561303937386230626230313035313237663238363530613266
31313836653838383636376366376561383337623339613761336664393039613532363738613831
64393934333430383639313934353065303962353064636566393762626336336364313162653962
62636631656335393237646232323465383563306235666233616337633030306262323830306463
37306636383162313937386534336163636230626563353965656532373134326337363630663532
35343333376164636466343330353366643833326536346137616638386465396330316662343234
34323336633964393264623235313433376434363134646666653838303533376264646233636635
32363862383464343131356538343734383033363666313564323564383533636537306133373030
62636463623831616164323437646238653262633332623735333165663162343964303161386139
37353063656630393562383636346338333536323732663935363365333831373231636263376165
39623364353332396130666162393265666630333363373239303831656163393039333236303164
64613461383963303534623264666333306532356366646665303130613639353738356531326438
61373564326630636131653864303039376361333366353631326563396539653138373565343637
66666638376139393965383333653736616566373435666665353230623964633731646161323732
62363638613866393231623136633538363137303366393464396666626237633834646138323463
33656663366166666631663939376566383466353865353437666162316366616436643332656563
62396661326531343838613563366234663336643663326331363434313636616638303939386536
32356561323533303039623635633837333137636632336164363238653463633666663433653133
35363664323838646532653830373936633632366135316466633635373134363162313065643936
61646132623234343639393135656163653631366531396232356132343262666437336233366230
35323830623235653662393265393031366135386232333235323433316532393365633539643636
61633563656266633231656163623239663733656266356634343966613837613766373639393139
66386163616566633561613630323838373133656665663338313238313165373137663933393736
66663762616263353031663937373664643535336632306362666433316435616334303133373962
36373635386166353736326438303761616232643335376431656431613333623038333335616437
63326161326661313435613632623862366531336666326632306364653065383337386636303564
34643264316263346537343038346639303330633735656466653531383163323539343265383539
30643561333535643136383837353530666130376165353132653565373962653238663665313638
64613438326630373465633939353338313936656665336133613564326564346638636564653564
38633139383134653637633330643439663730623238353137306235643964636538316263623534
62363865393565666530626238336537326139666464646431316166653933633930613162383030
33333563393031376332393963326238646664656665313661333430373232653433653765353538
39373237343366373264366334343765666530393339363630363762356663313637663031646465
31613431643033376431343363653565643537653238366163636565356539623063356333323136
36336330306437663330366630376338616362333432333331353436323063633861613830303836
38643632353262323332343832633962303836653532653935383236363336396334343762333931
31346534636630656661636461326534656165383030386361313038333638663730663163366461
30353831653931383137306534623561616461616431353430636336313233356133343337363439
37363066313833383465653138313462306536356230663630353831346632636662633563303063
31396639646663303665376433623535353437643839626363656333303665626432343532643962
32363230323461393134616130323331656333646162666631383066363931613464316136336462
30356339643036643462303161323664646564633834353862653536386238303838303738663261
32343235653631633432366235666230336438616435336331313063376437396265373730623432
33636635373936666461633961663532353239393837633263653466306636393534306236326366
62363332356639363962393031333835356534346231353264666230386531663563343139653664
62386162373839316565333561613565396266346237663763653934366230616233333766636634
66326630343839656633636139343339623235646230626431353761383166643735633433396461
38373065343336613139326533616338666339353338653934333232313366636233313033323130
37346265623464653634326563643632303330343435643832643761663138323630333838346266
64306139353931626463333364653461313265626534616138333235373433343833613038306336
62653037636366626639643961343061313439623639623965633861393631303931653761336638
33393162353330656162356461313631313734626463366130333565386635313737313263636565
31653935623363663033383631336638323533636130616662616139646664343834373437333662
65383737373465353064313865373363656339336661363166343064626330613936643731646631
35373236336534303661316666363261336262363964323430323230626564383731643061663461
38313064636363636165386333313330616433626636626263363066343766306633653432323563
35386162343530323532366333643238666466336139313035666534643665376537373238396134
36633665626366326666303363663563393636386461323830636136623331353039626535306366
37313034613136386530353363333131323062663331343433373635353431656462366439306365
36643636333538373233613032323532373935646465316532316332343931626330336665333734
61363963373364366266656463396261346565323962643362346132633163373138323530353236
61303861356530363037643065366332336238383839303436303739393235323262656563353637
65626564313330646165386331623836343363313862386239346234613135643564396366363331
65326362346435633462333936623261663037613761643837373562353332366333383530366435
65306432643362653235613131343136636636623335643935646464303933656430353966653265
61326235343035653938326461313732343536353864353335386566616632636130633336376133
66636566633261663938336163643334653463373539653734373361386463343138366163383737
65353036393232373063623339633562363833653936383032353936316666633863646664633934
32626333383030306537643832326261653663313035313033336662383265653366313134613930
63363838393137383164643862646131333662323662343361396130373235303161383536313532
38653536376437343433373266663761353862636232666430333434633038366238303935373163
39353561326639343637383135376263333430643030646434306336353261326163376432383065
65393137613831333963383538353163383738303463336135613937663562323730316536353164
32643765353433666465373566396364353935616535336630613464373565653731643964646664
37386662383531663964306537383964656634373862383334653531363138643866666666326438
65633432316130356635623366316236633439666364303264393766626466383334316530303365
64376263656431333566383836326336653665353832376238366337303730356433353166626330
38613666306238623034303536623539353864363338393632353361626635383361313233326433
32646466313538356433366134323332376166623462366334336338643963626133626136326665
36343837663333346332383933643635303031336562633865303538336663363232633933336365
35323666316330373834323061396533653431666564653666373836633866616535313634393435
36633364363133363037386231643131393830333964363535306234646336666330616439613134
62356530616231356535636461333965333666313434663232343164633934663839646334326335
37396639616164663134336531656166653239376464646337313735633430363161343838393530
30373462363638343365
