$ANSIBLE_VAULT;1.1;AES256
38316638353063393537396238623834633839386263393634333961386162613462323164633431
3732323533363034653036633834363536353562383633320a346433306662396335366436323032
30636164333535616431636339376139636534346238623266393662646133366339383730646565
3830343934633433660a356634393630663762663632666333616136306133623835326365303230
64646531386562613464613566643561303066643335343539303264633364363936343766353461
37373735666537336536306131643863343761353437376132313531626437303561326438393433
65646466356535623363393238396462623337393531663731326137633631346634633733326366
64313538353630303335373333393534396233616230666262656663366333656330646430353562
35333238323738656138346138326335313637616362383434333362316639653163333533663038
64303936353931613831373264343566303665386336326262373937613061353335343139316330
65363436336533356135666233643339626563623739316565373163343763333666353266356137
66626137316665636466623564346533386533346135373337666238623432616561346664386234
32653961633731373637326365323265373264666465666534316665326261303538366163333331
39623031383334363538326338356366613964333538333565383631396433333164303961616338
38633431363562386130386234623639373038326563626333656466613063326534313262306332
61646133616531616336396532626466323136633639393562306130346134613763306331316537
63343961636564643535373266393565313738666538313861386632633561333539363331343237
62653930343131353330643961653166626639383035366166366536313039353337613831313339
31326432666138616338343664636530323634306433613936373034663738663935616264303736
64326639383264303863313636633862303662353165656664373163393465306431363364616533
30363634393938353132656539303235333736646336356366396331323462316331376261396236
37316239366630376566383439636466633962303236643366373264303866626533623133666435
30393439333765633734316235633633353132353235646131623536393161313962643362343633
33663139376435323537626465613961643137306463366563346466626134363031653538363332
38336565306430663837333731333438393633643738353963626431366532613565666564613032
33393038393833343961316133326534616231643230376565626230346230613334353833623062
39353761373830336534373630633437633935366464336331336232376466313238623361353264
34373439626630613535613962623232396532323535626363646365663461386337393134646662
66373765303464326432333731613130633532626235376363353536393436396233303661313236
33333339313265386466396432633134356138353331336166646362383236333966313064356539
35666461323865353835386166346336303361623837616364623734303264666437393364343630
39643862353731666463623637313038643864323963336464343863663930383365656466336132
63663734346465333665316234396137376364623561656166633061626263316233383566333435
39623864636339363030303639653133386335643538303765623631353264393537666533303466
36643231653433343934613139656139363530656166373834373962626638346430303232383166
64313133323636646561303765343139636439666166316630383064646265346361326639653235
37396139343766313063343236663731636638343535323832623138636338356663666664646230
64643339393630373630653330666666323963623163326338363266326566353435396431656434
30396564646135373464313362363461643934396334373038333630346666396465303131353935
65393861636633323963353735306439316665336666643137613136636463353565663739306239
35323561623633333037646262343665393465303866336563376532653163643536316437643134
32353032623131363962623464386635313230666231616536353863386663343962303361343234
32326661313430626664373066383166616466323765376537346230343565366163376563333338
34623333346231376463633237616133373133333233333436373661353931643435346665363764
31383762346165386439623266353633366235373036336535633462663632346161333264626336
61626663306438636337346130626532366562346266653330646632383865646130343933646134
38366632653332383633313839333661643231636466663235393434303939356363356361633835
37633566383838363961336239336138393832666133313035373361343333613566663834666662
32316663316535356163313733333364356234656266366634346330633238646464313434363463
63613332316665626264653461363038376530356130396631323866363861626366666264623666
31356563316336356261333436383035306639653461613861363337393362346337363362316665
64626363616366336139353539326364613434656233383137313439653964653366653131383763
65633230633163326262633034373235373237396137386435376534313434313034623439363538
64316437653833356262343031663565376261333864353438646639316262323261663538373434
65393364323036306561376633663162336230623330333361353865636435636535663331643831
37636535636335353631333662626264343863306332363230613562663839383135653738663630
39313535333336623564396632626566323933336133346330373636623836396130376463303366
38393130383932633766326132383662633835633163613530653534326138616566366132353065
64353764356365396532653765356162383661383563373135363062653564303935373436323364
37373031393138363235393834393833373933646337633364636133306264656665613665346138
66376339616466393532316335396664653132313163653464666265633363643235626266306266
37613063613365336365303732333035346337396633623635643964373664613931323831363861
66396631656364623364613637303061353464663564666335333632323565666261646565373165
61316632333663343939373339323162373139393034326561366638616636633833366137626436
33633465333939383932333536643637626362383932326565643662376461666330626564336533
31363234633364646536343230663234363239663632306566353439396363643237663632383065
30373833643562663636363331663639616134613531633933643134336236316438653539353361
63303366643830393562383865343762333865386130373036396535373361393363366234353130
65303534633332323466393361363064613233343034646362353833656432613333663335393063
30343263386161383564626261356434393564623030386164363436633739343464356364333632
63643735363664373261613931353833613436393131353364643733393265306330373763393163
38306437366163643365383233636461643062313463643131373339643235636633363838373334
35393838383533613530383635633335623037613663343038373335346337323461363432303130
36343233393336363238623465366437386666363335316133613935356631396261313464373436
66343133323538393163396666346464373961303330333364666539396432323334363637323766
62396362353562623732323664393839333562383137643530666464343434306463623630356662
31366537393430626138643563346462393237393631373135353439663866383833366533613262
63323266626436323131333062343739626163363534623639363337613566366162356336323362
63373032656564393634383833626561643432343336643665323764333632393034363864303965
62303561343266653762356462333937366233303635653934313632356263653365343135343465
37356133343231323630346665643031653561353761386535643030363163633762313664613439
35623037643663623832306635383932343535396538316664383263343336393335396361316236
39643730316237396439356336646235663639343135386435356134633133383661313130333063
32373035316166666562623162366333613039373166653264616566633036316563333566643564
61323833393839623834663135633565346538303333363265326232613739383737363237613931
64353933626261623033373236393039306537306431653436346666316163633337373863313837
38356337333336656138363634323633643239663933313664653064316439623631386434316439
33396337626661326535306462616430616332663234646631373866383133643530626366383732
30336532353063366663313464656561613632316235313338666434363430646261656466616335
38356435633265336566616263303766663465313438356439346336376235396330663236386239
61393238383562353937653636643231616133656134363233373233366265663935343662306561
36303739663833313062353131313231363135396132326630363138383332393665626433353139
32313738616261303539623332616165396366666461613362306236666631623235633738666462
33663662323065633332616638303766313263353962316533363634646266643762326630663031
32616633653836383432383531356461646463366135323037613330366331346462393166373361
63366235323065383636363063356565303130313062316164393661306338623535336361646563
62366337666531346361383637333962636665633537643761343836346630366561643364363333
61323439333933303936373335633961376337373837663339646364353538313262386664383161
63656437373434353262633831333435353036656266613961353061373861643162323366383463
38653362383166643965316536366161353835316165313266376463616430306333623633313338
38616565363965333138373139626366613134303930363334643536633464306238663731356439
61626336376439383534383562623232633061626239363030343261346562313836643762303263
36646135643530643164396365386133383362656162333430626234383334333333643462396666
65646531653965646132353238336232633134353637613964346663663561346265633136643635
62343939626532353031613333663062313062393832633239613432326530613861326630653933
62613766306333306233656233373665393735336137366236343666383463633361313432666262
32626637333538653233653039346261653333623534336638653838393836646237353238666139
31333861313366326231366264306633313130363763643666313233356638303035636433666337
31303236623636393762323135396661323364303962363234633036636637303637653565613038
36396431356665326133333864383534343232633666363538303038643364653065356261396661
32396639663934303137353436373234333666393034306133383430626466633737356362303139
39393736363566633334613739663166643433666266643131656165633936626364356537663733
64383432343731643538633334323966313431643961313037336364643366633232323435363330
63313635386630346634343636616539336337363231393231616561353535343833653331653134
31323033636566636132643439393064303033326564346339353430633065333533633839353764
66376237623064613663313765306630643339356632353735353232356163393461303639346530
35393732636232326535353162396632393465313861356136643163356139363031363466646263
37623262343735636439613837653733656263333539323065393131376232353064383061373462
65303230633135666265383333633766383535376639363763303536366334343031306166616264
37363765313536333664326166393933363166646436323366393033363663656166323939303739
61386335376531376461623138326135393839653632326238396232653432373063393564306137
63343834613531326663343637393337333831353066306332393137326235626561353666396436
61323562373938333438336332316363336265376532316166643363333232353162626532653834
33373239373935346336366263666264323964366433313434343265656333303838393466343231
62316463646438313234303237633339333362313335356634666665353737623635386566623637
66613463353364613663376432353662383865366330303430366635636635313362383537386232
34356535306166333166663135326330643630323264663462373339663161663139393464323130
66613135356538383562396338343263316366636162333962353335623736303232616634303164
65323563666231353038396262666137613166326263366330323061363862363538303539373765
62613234653934646462353539653562313832643063656138313662373630386332613535623664
61353338336637393735653734383738353765323365333262613462376532646231633132343138
65633032333634383763396136316337353135616439623839643333653039356565303863303765
36356461653736336462646634336238363363333765343966306166346666613235303066356635
64633165303766623765356565386539306337313232333563386264623737336564636132343162
663937373630383136376431663563386262
