$ANSIBLE_VAULT;1.1;AES256
31373231373339326465356262623661323333633334393235336666383762656533636465343562
6139633364343538656136383339626162646532666435370a366535323564343464356265636133
64376431303931633531383964643036316333303932363737343064393761363363333264653835
3235333166363466640a663333336630363462366334343431303661646432323030343664383461
30656331653565353730633039373463333463636366616663356133656232393464643364353539
62336461626432623537323137303934633232303632633838386334343866343938303439383033
38386235396635656133643830336134613464376261386132343362356561393163343233643539
38323336613564383839333239646232666637623036383138626665323133393864663834303362
61383435623661626234313833636465376461323236366632386133636435393936643865336335
62353965366632623566373239666133663737333639643233366138396464353231653335646237
38616262613838613166376637663130623939616537313831353237343837343466313933633961
64653538656262346435323533613762633162626538643336626437373162396430333939383764
61343935386266386237326536653831383562316530656235323464383263613430623836393132
65653066343433383462643361613363633866646463616537383065363461363233386666383539
32323334373135616438623635623433643337613863366464303830373266663865303765313061
61616338656236616334623430613863383962313566333163313532643264303366333266316530
64393232326534633538623764346332636162653764303835643664613063633165323461323966
35346539613531646331666332303964326662333162613964633536613135346435633339633635
30616634333433643635656265373063623133613432393935633833306530656437326332373165
31306338633930313032646637636238616232346162613735623736333339323830366433323565
32646663336661636535353962336239653265666538336435663234633534353862613766343535
63623233636533643333636632393836356361653363353064663533633162353338363039316430
39343834333266326139656461316538626364353138306237646439626335303666633766323166
36326265623537613736383639643230356130343735393663386466316231346132313138626431
35633833313465613337643337333633303631613638653961663436336437366134333436343263
66366230306265323833333862336163336636373566383034383933623762343437643333306436
65643761376431313236653631326133383961653261383965313265376133323866633863313233
34363632373665383638633061383235393736633239666333666564313164326536336463353437
62373064623262613430653536306132313339643431663635383438633563643033663037343936
34633636383537383862343835336538346663633337643338636332386437633664393237613435
64306232303739373264343862633930623933343163626334396361613966646436346232666366
38643336376364626634343439353136303266643538633437663536616432656263386433663066
38343032353534613130386433386466313835656531346262363933643232356138303430653831
32303965343264343361343463323337623230356131323039323437626462393038323866356635
35633932313236653464623637653238343265376465326266626162396333656266623936316230
32653030346432316338663836326466343261316437313730383236393630613961366634623433
62666362383038613131613933386135353435626664323066626135336466303137303766646134
66323164376162653062333032666638363162373166363439636462393838323862623062376532
63373038316435383364353531343734613839656566316163393835636634376666656165346239
30663461636330616465666434666237393066646263386461383963653732346339646666653738
66633964656532626361346466646462626638303937353432306132633532303261646531326663
65383731636563356433626362316436663031316263363630366339376530306435653735623965
66323137643639393035366230313035383565613432383963303030353030383633643833323332
39653065613135356365663264656438333533653462656330373266383431326163623964393936
37303564313366303965666466653535303334383430333665653232633063316631363634653231
66376463323265643233646637666662363834616163656237643832326230366462633962326465
62616237633666643437366537333264623838613463363838363139366530323236383531626337
36373530333237373437336664343435323739633733613037356538396637346663356537383331
34313932643662623832326565303065656666333866666463363537623231316163326662363432
61623238333862386439323063626561356162623832386130643839623337363462346439316533
32356339643636323264323833633734613563343630646430623531313738323731613937393232
62636235633864653666383364346236306534326237303033646534613036303738356130346338
65313933373061316630623737326135343766346137363163666139386137616234353366303763
36303063393361666363653032323731356534373134303430316662633835626465333632383363
64626665636533663261383932616534366134363265613965663537653966663036363265376630
65613938663361663932326334353135623838333833336563356439306436666239386536373932
62653332396338333364326665336462613966353936626161366265353238393232343938666232
39323565633836613436386164613430323062356263313761396263353137653430386361353361
32663661663036303634363131366439313535643133383164666330353238316135653863646566
30333437616362656664623063333936393461303065356437643761326634663539376230366530
63613134313566336639373561373532616636373135306133303936356632343765333038643132
30656261663130393263356237326136613337643731353231653764373135336562313731633532
62363965303862386539393834373636326536356531383332303562316361643532373034643634
36333962633363333561383835336330626665626263366430656630323437636132393832303030
32626266323066653236616666663366383064353362636639393030363433366431383831313831
30636161333031646433303332343562316566616139306330333236623239373235313030343266
63633936653630366138333534623166353439363336643365363037646435363839313538326137
34313139343562656533366536626637326461366663623663386436653364663963373866303438
32666135373732663464346434396263303363353363306365643662656435636433323835303062
32613230333865383230366166656433633937386162393665663861303732303466313563636639
62613834633830373864376434346433356334623534346634666630323664336231643265393333
30643862626165663761643966363339323030383736356134363661353533376538376331343333
63393639393164393937343338396632613763656538326362396233376337303336633335626431
37363236353663623638336531663161386233366334653132653039303166333433333937643733
38366538356637363935363864396236333966396130646634383231326336616563626639303934
35386234373864323931373762363537326361303366633134666462313531346265643038363832
64626562323538386436613438373564643765636464303564373135633431663035303539666136
34323265373830336430666632313836396538383338636530396430623435666437346133306537
31346561303036356661393762616261646366323434363632313635623438303637656537363262
65646666383435303433666534613565316637633537363835333062366561366562326339663263
31613035313261353438646434623262373137633437636531376363353736323830383335613633
31393732373332363335306330383064653139636236636336343166323966643635396136353461
35663230666162383663636536643331333033343065383361646539323964373363373432393530
62373162333234306562333334623666616234306631333932393939646631363362653337316438
35323130363363613137666132343965373162333861356638346263366361656139326235613434
36353866343839633936646163613131303530363634613335333862303334656338313830396231
64313237396664613063376333343532396562643832386330323362653231356561663834303963
39363335613032336630356532323536663163393635386162356163303831613065653865303332
65386232373634313163383465646531663934303263383737346332653031663762656261626562
63323166373839313134376633633635316639333335383935313963373634353461393561346564
63396131363939623038623565306231373135633335323133303939386637626634663964316633
37353163343837396430373635636363343238633162333865653037636539306266376465343531
37646562613531323332626132386363653263666262313830313737303239303433323561623461
65643737626536633833373331653162356138636533653035356535393434383138336464393865
34396337363035386563663732646461643963343538343061626430323333653038613266343964
66313537383635363663643830643866383934383033653664336231663532366562316564343837
64303732616138343039373534343235346531386464643562366334363238636263323364333736
36303662323332393435306662343833623735366639643939353662333834343465373362636562
35323731383535663836613137383639393064336464393663663937326632313338623136666533
35643630313036333563656362373230363930393766333538323238643936313661663261313062
33626364393538306439623462616238653737656333613332653339666337316464366662303135
38613131623139653461326537616564303261623032373239326335306339323831346463386331
63366539633135623862613332383538316165393364633362366631333131343239323963633966
66616265383862663866626536346662303834623531303264636431343762376538313934373630
63366139386331336335303139336537373061346434623062633364636334303635396230373535
39626537356639316438316232653732323362653766663134613434646234346537326365306434
33303739643065666332303338613430653136303335373937376432303931313638623261366334
61346233373834373766313734356163373163653335623134383630396431356531353537356434
33316664336339303864363439653261336337613735336138663065396131386435316363393834
39363263386365326433613930303530396239303539613337623935663431333862306135616136
32666231666638376138343233653538613932373863326566346331386563316638393837633639
34343161303930373164646363653937306162366265363464303161646433356364306530623462
33393131356263376265633238343533653035336462383765653863356633353361363933353836
63343337326466333831626239366466373733346663633832373831356164336364323866623532
31613931323831333564353761326461363264643966343031363961323738343232333430663236
30616437623763356537663063623863353736353264346564333136373665396230326635323063
38323939623833336331663864306132326364376333316263643465353837363235366233316235
33316637613830626537663431333061643165633866326334386232396235323664323533366630
38383432343335333632356336333939373665366566623963663038343461653063333935643638
36616632646137393662633163333233623065313065646531383438303235376639306532316634
35663535633465666535376334653438346164303538636234663964643539613032346430366361
33326666306438616634393231373330393435393433353136313665316237376662386439643332
35386633353632653136656162373637373935653965373762633832303161313632623965623063
37386661363633623661393538313363333966313533393732346365613430616430396433616366
39653834613737326231363932643537356139626333373362646336383331316566303662303532
31623664636332343264396139636634376333653862363739393232383066353866613663323631
39643466366463393939336239353531616335656361366531663863396666613866326662633739
32393839633137323838393436636363386235623166393766303834616436626239633238623137
36313832336134353739363630316230343735626436376639366162323732323831383736363265
35393835303930323164386433346133656435643835366639346561393234396665613563636238
62333438666433656132626262616462613336393139653532393464316236613732336539316438
62373636363930393864353236656538653538663034333837626162303162626362376537653934
63323031336464633537643633643064353031343365333938373662326230363438656463626331
6530306466326165376431313931306631663435353637396566
