$ANSIBLE_VAULT;1.1;AES256
30343832663064663964393864333739396139663461366337326436313236383663306632623735
6631633135353062383138323530636633386238306137320a333536303630333663303261343739
39346664343338356465663164666537336262636338633236373032383061353535633964353037
6638316335303433340a326535373735643132343961363866663634653831303066623339373237
32306461633530666339343835663333386534386632333338346262376137623335613661363366
37393639343230396138373737323463303662313732393936303665346539653739303539353766
34356137333462623962623437623331373666643036306433626632326330396433396266303932
34373537366239313031386431646263333431623263373737383832653439303038346530336131
30666233383037303531376434643334303365326166373965356236393634646239333932643434
36663630393331343733366138386339326139653966333162613837313838313365373233666666
64323337626362353539333938343032666330653561626432316436666561633038393966623634
61366565656536343235636332383162633536353939633031663730643439653837396663383432
65626638393038313662373134356361333062336663376235623865653537383039613461613336
35366233383165383631396535633436643638313062643730376363663330623039656530666138
65613466393666653439383763633162333531376530633261326566373035383164323635643636
36386162383930333466383235346338356330353035633935613464643236616233613563363938
64623237616236323962653666353431393836376262656131626161623631393337356531366137
66386463643933316537636433333733376566656630353662316661613365666630613866316530
37636431353862613664626262663332643736383965653361656134643766323233363264353537
36323130356430336264633965326265643839306439663766366362663366623764396132663163
65343731663063383866393531623631643364313266646437363535626438623730613533616333
31663536313631393333626130336366343662626561323266643264643936353530386436643033
65383138633463646639383532396634316537353339306435313238303738303964663763366331
34386634626661623864363430656533323039613038313764353763326535613933393539666239
38636636383066313362656631653463333361353935323330663663326239643130383863306163
62636530336138666539346664353066633933333539656438323638323362363062626635626537
37373832613563313763633939323462323037336634613166613237346238656565383934396531
64633462336532336237613532303164336335343831313765393963666330376533633033333866
39333365613066323630323536666536636230303466393038323531313830616563343866313430
65363866376231386164643939343131333433313563666465616362656532313231366536643835
65353762343636396634303664313534636134636130636266633434616166616664313833323938
31356264326336656136626564313963646164396564373363643532376331663634366462373734
66313335373765653537373438633461383035643763323063313433363834666639366232393063
33383734616337653933313833363564663866623063316432623966386635356264656564636632
33653635626330383539653332343262333363316564326537373032363434343733373731323065
62653837376134626162363666633432336134623562363937346435623933363466396434613838
39613639373337383233646534393033393962663261623364333438643635386436623965343735
32356363333231303635613737306336306636633433353162363739656435333339376261666362
64383165636263306462383333356363383061306466616665396638336136666534336635623537
66396431383038636237343139653436666330626238636630653738613966316138666534373431
33353463383831336637626239346132396631313937663534633763303730613964386366656439
31353439656434653932623335363338383963343232626334363464383835623730363530313064
33306538623634306436376165646163313835306163393739663935663636303935653366333161
39353165303132626434666165663134373765323665366432306436363139386166393163383439
37613535356235303865373130323431356539626639306336353765323835396338643862313337
30623766353032306438343534313632656530303733376262343634323337666562623638303162
38613263666438343836633863613164343233643630373261643133303238323430306462346465
32326465353139633133643765313839663262663639343231613534373137396134363365613934
64636639336561626464383561616638613032313134616562373437623435323735383061306239
63633936353537386265303365663262663038616134336166623136653831333265343661336366
62643533663765656131633939386134656532636363346361356539393431633932626535653966
64623039633561356438633166633239623934636362343737366233643631383030376633616664
38363631656561306434626263653562383061383164626137346137323139326133313266333561
39373131663739653064346165636432383965323965633266353734653336323135303262303430
32393964353536316162653763383532613964623636343531616461353962373638626334613934
38366630333861323830623936613135653662643431653439366437386461343737343731666363
38396535626261656534373465376431333165343538306637613031626435623234306165633237
37386133353464343038613665326530643666623261323437323465353034663762616130353936
62666535626336633736333334373934373165303530653234646363303136303038383031363936
35353230313632313761393266623837373839333138363635333663363265613664343535363836
64653432616632656138663130646161396461386231346164623366386138623232373335383734
64343830383633333438306334373132646131306566626661613933666133323833633132393731
61353638316335306135316431393461643262383765383261643238633632666233656133373538
38353838376336363664373039303939313165326131336463623935656633613162653637346530
62316139336565333665363266613866316634633135396661383439313064666365643161643563
66353366343638623662616238323837373030613632366662356539366262663534323739353532
64393865643537363466313235333631393837356463623332626131336437316131383661373030
38303034363563333137386162376435313137393661346461636263346631613862353866613736
38383436366436353366383264646336333936353034323637613462333731623164636662643766
32323430623337396264643037356663353231653665373036363338353934663239303463636630
36653333306238303332386132353132623336333464376131303633626262666439356239306262
34333862393131376633313838366265303834613135643539643163636530663062346532383164
32353231626236396663383261376438666164376137373738633366633163303033636130616363
34383338316231353736646562333263616266323830643261666234306138623762303630646334
36326334346639306665613263656230303865323463383030353237323161306436346565633762
37636566356137366436613363613166353862346162636130363636663562393131616239383638
32633235636366353338346132383131636339326464333333313532303131623437643238646161
33353265353538313931666163326661383734323563623231393933303262656532343266623633
39643435373066356563353464353135323165613237323835626230376430633561633036656366
66343039666334393336386637353866336465643533346534346433306433306438353137346561
66366232666163333830353734626562363461616430613238323462353634373738623330336563
39613238666130636531663432393739326436303131303665616630613561346234626431393937
62313664613533623838646231643433333835623938666339656533346337346636353564323437
39393136386532666635346466396135316533306665323139636236656236306434666566623734
30373063663065633465653465353961313238363063373135663466653336343333306236303332
33636535656638363237643633326231616237623564363337636534633563326164303162613430
37333065326132626138633634643365623361666266356132346531346565363461316238363137
65353038343831376565323531653135633238333032633230303130623632376561326338366363
31303531353338393535363964393133646662343538313236393434656562663836626138613062
32353963643661633832323039623939643739376135336232316339383331366131316634396237
38626531333735356533393937663336636562356636663236343433383735663365636562303530
63376130306264386434313638643465656438663832383264613333313732343165343236396134
61336332363538303435383261373065336266363839316536326236306434323861346632616364
32333066303634373766643439386536626638613339613565646262303464666436333966626536
39616137353235393238323431626330376132313331626337333761646532333734326464396466
38313166383665303265663334373066643235306464303035326335646538306562396561343661
36663762383963363332383435333762386361343732333331323730616264383335633263333963
63383933336330326634303166626232313065346666663939323930366162313333306533666539
32643631353366316535336361666363643739313935626431656233313366366164306630613835
35623336636330383732313164333466393530356638336236653864623666653935646434326432
61303939393064323138633865373061336664633430653539636164333531666234613364653533
34663832623762333566613635663466363763613331383733333064623838353438623534626436
31303138383832613530663234333165383231363938303535383361643631336661656133653733
65396139373436623434313539346432306330323061623065366636636136643564653261356566
31626538376262306565633236383561393437376664326436353837366434373537623533656430
31353734666664643739613932306435626262303164633732613563396432396139633338353830
37336262383532306335613962636137353637646563616234313937363232613832313738333066
30643433326339326161383930313930393035633466623930373735393130383136383839336632
63393538623737626463326134656464366532306265623131633364303062363865636162666666
66333537626362373939623963643430653538313130656132643932633339376265383136666337
32653139386230373135383333393331336538343136346364376363333066343964393232313434
33303339656262656135363839373363356633333431346233313363316163616561343565373264
31343066623739373032613139323366663063323066616537616232353163323537313637616264
39383837303134623337666433616130633866313932326661653262303264373965336535623137
39303062353934393935356466646639343637653966346363666135393464663333376264313963
62663939346135383534646637386532636238356130653838356537396663353239613431666139
66643933363135343539386435393363333831343361336361303964643836323731396132656239
63313263313939353132373638303665643338353833313665383064616631333736346533396431
39613631636265633236333932323661393838346264386363663737633235613035633435663437
39643836343433656464396436376537656365623765653835636332663164356564366132383134
38306531663364343630373962643261323030653339383666633061636435383763386133643935
65393364306464623637663535306232633035386630616533616538646431393334653430336465
62366539663130656331313862353538636537663238626363303961643462366162663066306138
35373430313338376531643535386534306264353535643837653236393464316533383666393665
39393030656439656161366364353839633361333339396137343261396438663536636664306166
66353965663737313463326366366435343330326665663932323939656363376164363164323262
62656264653934666662313066333730653638373431633265353361396132633764623035633164
36333961313366373533306663393334666537636133376330663039346538303030616239353739
35306430363562666365323931353736393965636464323836386435643035326564663865633631
39633134303761326532643733643837643136373066656535323263343035333032326461613732
36373033663361393433326631366234343435346235356266346435323164313931363534303237
36653231376339326531653563393163663262393730613536336535653562333666633739373730
35343064643837396431663066313666356662343830366164356339656136326130636139666239
63353537323933346334303036366539663334313134663036386336633230666534363464333132
373933376330363663613835656533653435
