$ANSIBLE_VAULT;1.1;AES256
35303230306334373733636533393232306335366532313062613934666437313765343835376563
3566356532393331653766353139356230653763646565610a653466363439613166653964323036
34336362343930366438333662633738326533643733383731346361626339336561623862373539
6463316334663765300a386231613239626137666662616239666230323663366164643961366363
30356562336330323532336239343333613035323462613735363530636634363165656333623738
36383732343161386462336336366334313465313238643563353566656434363635363339393532
65356465316534613334316461303831633662626631626466393035323461663834623431366139
37646566616664393830633666336566663965336338343638633530313962643638393834306135
36353037623732646439653537393933383765333232333964306336356165363437383364613662
34363766313239386432656133383065613131663366633161383934643831336563343832353062
32333866666237636238303264316365373866653761346237393962333338366163383463323662
33656439616133306134
