$ANSIBLE_VAULT;1.1;AES256
62363764366230333538656465386665363662376630666434393037626430313831396137363035
3330323136303763646536343363303735356334643137300a393237396236383437643833333839
34326338313932646431356635376164336432383230393033313165353066346636323266376230
3839353231326530310a623166383861333463613862323538646161656632616462663439343532
34623430333739633734653933653131303335643262663365626639656435373930336439663164
39633633643935383562646461313563313931363835333639396562373135323961316236316630
31613761666531343231336330303563316439623433633135323238613234393462363666366332
32306164643230623233386136313362393038396438356663636332346239313538356130326562
63396466663666616236346136623734353766643839313135313166323434333630393937353235
62303839373639373136306133346536623639393935623434626466633138376666646338633335
30386465386236613230306533386165386530613566636332656662656638376230376432326435
36373139643533326163356336306436666366383531663636373361313663303161336233373732
64313833326631636239623738626165633932613361313864303761616230323336313866326134
38353832383836366333306532353531393964376365383233633831663637656132643164373136
30396436663465316264396263396264626235333131313061623333616534303734353937363530
31373334386537306439303335313630393062306630623164313138333662346565343735313935
34613261663837656630316633303039656435636332306635363931306361626533353135386366
32643030393065376562366234383462636331626636656465613637656538656165306534373064
323563653032643165623061393637333364
